831238755.000000
114835046.000000
478308030.000000
1940975331.000000
1988621498.000000
240000678.000000
36192377.000000
691033899.000000
2123321659.000000
226809127.000000
1730633993.000000
986147559.000000
1320394464.000000
1940942696.000000
2141987717.000000
1686817045.000000
1855821669.000000
1027598373.000000
1899935106.000000
746120315.000000
211501780.000000
1203641895.000000
380848900.000000
1630419107.000000
654536312.000000
231721402.000000
130071097.000000
1617250768.000000
948772219.000000
1805616890.000000
95312964.000000
1268858935.000000
607112929.000000
623318086.000000
843757482.000000
937550720.000000
379634520.000000
111488197.000000
1771203590.000000
1763072436.000000
362932532.000000
1825332821.000000
1753225195.000000
34941315.000000
469128350.000000
1641739337.000000
1406100025.000000
2023704470.000000
226743171.000000
613847779.000000
2121928306.000000
947656716.000000
1758007302.000000
328987329.000000
1037714726.000000
1636148307.000000
349625081.000000
906347402.000000
274301713.000000
1394685524.000000
929468126.000000
1734270522.000000
347593637.000000
197059188.000000
1375739830.000000
1559279520.000000
119442358.000000
40839847.000000
1793229416.000000
184580064.000000
1222747151.000000
867751068.000000
1700269746.000000
496742476.000000
1079048772.000000
503702385.000000
375560526.000000
1600294863.000000
1131171507.000000
408991865.000000
609084861.000000
1205809013.000000
225848989.000000
862745710.000000
1220249787.000000
572000624.000000
1846417603.000000
1549245237.000000
1338081857.000000
1584125098.000000
899968027.000000
1337612481.000000
1688047260.000000
279773283.000000
990224669.000000
598083353.000000
603415827.000000
344167825.000000
1111802701.000000
