323328408
1926069382
1692668566
2097499712
1410366190
428850215
2142481720
1679419345
2115989465
1040792660
1015103653
988493612
988490929
1747271350
120065778
967061804
1128369391
1339944265
610922170
756395053
1106341682
1162448073
1326510898
2046259470
2112228051
6643708
2087165944
1117805210
246899999
349676981
2000276644
348577143
1425502089
40778479
1957523391
650686193
1255961740
675411632
1983708923
1646188409
1520274423
1370129529
308187300
843415199
1669523422
575744793
953947592
1707653997
241135692
705455625
1841808695
1109053276
1737806266
1860392574
1162109858
1136882943
130479839
1409057806
495624697
338039651
1077514629
2003828770
1935569829
900841309
1110441785
463270127
1327532946
105287594
316120690
338584368
219161305
1565674152
1487657611
245908178
1322762847
1860049466
367269729
1314514507
1642718782
647436702
646712686
777941174
2144060747
919051271
1006490320
1380014483
476321965
1285236566
253663326
845208065
1343188746
858554096
1188366847
1920089747
437912391
1227662950
647848560
1487369206
1559759055
458204895
49340759
796650131
491141610
1605123697
1089955251
1593188366
1728848736
750942156
1350104684
1535971373
1925919118
185092241
1432335188
785342075
2037690118
1055808654
905246981
1392462082
480117909
28112450
1130024985
1383361384
581052441
563316208
1394131387
41234349
1102151755
2063274333
1850523496
1473784362
1773740422
496446213
506058079
291165670
1850308343
471689716
53544272
206056581
1791629001
582795207
915777546
579503109
1426717906
1830244834
428697816
1372373143
7549721
626587022
2082442257
1851276845
2125858490
876173752
2058166273
482379640
1323188747
1786224203
1891060021
779358515
328175323
1337691409
1028033723
477845558
525471976
706697729
1358841622
1459063970
1994505485
1644869697
1596846208
348641944
515891242
400515295
377227025
2015768961
1750340080
2073295329
685701634
1587958629
895936863
1440046596
519780963
696442755
188516260
771509026
371867888
415674768
1070891980
966892970
1996731819
1640079854
921773700
1948128442
12111025
1298259128
80281386
2000327682
268140734
465699633
600209604
2099431808
1116219119
388520720
2066217649
647851761
1155182163
544433093
940434758
539634447
55180254
573316719
58071652
1852240654
188774750
491785252
171574513
1606768948
293380875
714757118
644453200
1398042236
142459671
148453757
609978230
35812490
1369285415
807431039
1419972975
697636634
1381246248
2100119696
1794418981
358957100
1234479070
1703984839
1779290267
1921453795
1231555328
1432174302
670565247
1101530936
544007791
246437263
1495591892
1685401526
1006680652
1235226229
284727022
487662419
931820874
353013502
314194535
193981031
199183551
9747257
1514513065
431667935
71708679
568869284
2039045875
866953995
1832273654
2141209404
1832577579
1038862019
2134385544
372085520
698273034
268538696
1329518676
915096335
499832811
2135296795
1881991950
587144956
124083735
1370063728
1115614318
1953438729
808118283
116811038
1631778546
1682881295
140630146
407470933
1031123384
1526900506
1387870031
2097585756
1810305480
1078643037
1224502862
1612850449
227639295
446085043
187714664
1694099667
1000469008
245262023
976958163
1742503604
1748046496
1111802701
344167825
603415827
598083353
990224669
279773283
1688047260
1337612481
899968027
1584125098
1338081857
1549245237
1846417603
572000624
1220249787
862745710
225848989
1205809013
609084861
408991865
1131171507
1600294863
375560526
503702385
1079048772
496742476
1700269746
867751068
1222747151
184580064
1793229416
40839847
119442358
1559279520
1375739830
197059188
347593637
1734270522
929468126
1394685524
274301713
906347402
349625081
1636148307
1037714726
328987329
1758007302
947656716
2121928306
613847778
226743170
2023704469
1406100024
1641739336
469128349
34941314
1753225194
1825332820
362932531
1763072435
1771203589
111488196
379634519
937550719
843757481
623318085
607112928
1268858934
95312963
1805616889
948772218
1617250767
130071096
231721401
654536311
1630419106
380848899
1203641894
211501779
746120314
1899935105
1027598372
1855821668
1686817044
2141987716
1940942695
1320394463
986147558
1730633992
226809126
2123321658
691033898
36192376
240000677
1988621497
1940975330
478308029
114835045
